0 : /home/yujr/openslam_openseqslam/results/res1-7/4_310_370/ManVecmkz370_310.txt
1 : /home/yujr/openslam_openseqslam/results/res1-7/4_310_370/OrgLargmkz370_310.txt
2 : /home/yujr/openslam_openseqslam/results/res1-7/4_310_370/OrgResultmkz370_310.txt
3 : /home/yujr/openslam_openseqslam/results/res1-7/4_310_370/SemColOrgmkz370_310.txt


309 309 309 309 
309 309 309 309 
309 309 309 309 
309 309 309 309 
309 309 309 309 
334 356 354 335 
348 341 358 346 
349 358 357 363 
336 316 359 342 
336 339 359 343 
316 321 360 323 
338 345 362 323 
339 356 362 343 
340 356 363 367 
341 357 345 340 
340 360 346 340 
320 357 332 342 
343 318 333 343 
344 318 327 343 
345 318 346 343 
346 322 315 323 
348 321 361 340 
339 321 316 367 
341 323 365 323 
343 323 344 364 
344 360 330 367 
331 315 347 323 
331 362 347 323 
344 329 349 342 
332 359 349 341 
357 345 350 342 
357 356 351 341 
358 339 343 343 
358 321 344 365 
360 360 345 363 
359 341 346 367 
362 359 364 367 
362 360 365 343 
363 343 366 338 
362 344 347 363 
344 345 344 342 
332 345 350 366 
332 315 345 343 
334 315 346 342 
334 345 347 343 
334 356 365 363 
359 335 326 364 
315 357 327 364 
315 358 328 365 
348 359 332 367 
349 316 344 367 
332 317 333 323 
360 356 328 367 
334 357 328 340 
345 357 352 341 
345 339 350 342 
347 358 345 323 
347 360 346 323 
367 329 347 323 
348 345 355 323 
347 345 356 342 
324 345 332 342 
324 337 337 343 
322 335 337 342 
352 359 345 343 
323 359 346 323 
340 356 346 345 
340 329 347 347 
341 315 348 348 
332 358 350 350 
333 358 331 342 
331 357 331 342 
335 357 333 342 
335 339 328 343 
335 315 315 345 
326 358 330 336 
326 329 331 337 
327 316 364 349 
320 316 366 342 
320 317 319 340 
342 357 352 342 
343 322 353 344 
346 335 354 345 
345 335 354 346 
364 315 355 347 
345 336 338 348 
349 336 356 349 
349 335 359 342 
322 318 359 341 
350 339 342 343 
333 318 343 344 
333 318 344 344 
334 318 344 346 
315 339 345 367 
315 321 346 348 
326 359 334 342 
338 335 364 342 
358 337 365 342 
329 335 326 344 
339 357 327 344 
339 358 338 323 
326 358 316 323 
327 341 316 340 
319 352 319 355 
321 357 319 320 
321 362 320 367 
353 319 328 322 
323 318 322 326 
315 320 344 327 
315 320 331 327 
325 322 332 328 
322 323 332 327 
352 351 332 340 
320 352 333 342 
315 349 334 342 
315 354 335 327 
315 335 335 327 
338 337 337 327 
339 338 338 338 
341 339 339 340 
342 340 340 341 
342 341 342 342 
343 342 343 343 
344 343 344 343 
345 344 345 344 
345 345 345 345 
346 345 346 346 
348 345 347 346 
348 347 348 347 
331 347 348 348 
331 348 349 349 
331 349 350 340 
332 350 350 344 
333 351 351 344 
333 353 352 344 
333 345 353 367 
355 356 355 355 
337 351 356 348 
338 358 356 348 
339 359 357 342 
341 335 362 343 
342 336 362 361 
343 350 363 363 
345 336 364 363 
328 335 339 364 
344 335 363 363 
345 316 362 364 
343 322 363 323 
346 335 365 342 
346 351 366 343 
348 352 367 344 
324 321 347 344 
325 341 346 367 
325 341 327 342 
325 315 331 341 
326 315 328 343 
320 352 329 327 
334 353 321 342 
322 355 322 367 
326 355 323 323 
326 357 325 342 
326 339 326 323 
327 356 327 367 
328 357 328 341 
328 359 329 323 
352 357 367 323 
332 360 316 342 
333 359 350 342 
315 360 361 342 
360 345 330 343 
361 345 331 344 
362 321 345 323 
328 341 348 367 
365 323 348 340 
366 360 349 340 
367 345 333 340 
326 345 346 342 
352 329 346 343 
330 329 347 323 
352 356 349 323 
354 318 325 323 
355 356 333 320 
334 359 334 323 
334 341 319 323 
335 345 356 323 
337 357 357 335 
338 360 333 336 
348 345 355 365 
324 345 336 366 
324 345 338 323 
325 345 331 341 
349 355 332 342 
327 357 349 342 
328 356 349 343 
330 358 350 344 
352 360 330 365 
352 345 331 323 
353 345 330 323 
309 309 309 309 
309 309 309 309 
309 309 309 309 
309 309 309 309 
309 309 309 309 
