0 : /home/yujr/openslam_openseqslam/results/res1-7/5_410_520/ManVecmkz520_410.txt
1 : /home/yujr/openslam_openseqslam/results/res1-7/5_410_520/OrgLargmkz520_410.txt
2 : /home/yujr/openslam_openseqslam/results/res1-7/5_410_520/OrgResultmkz520_410.txt
3 : /home/yujr/openslam_openseqslam/results/res1-7/5_410_520/SemColOrgmkz520_410.txt


409 409 409 409 
409 409 409 409 
409 409 409 409 
409 409 409 409 
409 409 409 409 
470 481 496 494 
471 438 494 415 
472 432 494 468 
472 433 439 445 
472 440 481 469 
480 439 482 441 
474 441 483 460 
507 433 484 497 
508 434 484 445 
508 436 452 487 
486 436 434 467 
510 438 476 468 
434 438 475 469 
493 439 484 470 
494 441 484 441 
429 470 508 443 
495 506 514 445 
431 507 515 445 
431 508 479 467 
432 432 494 441 
434 453 496 468 
480 434 496 445 
436 443 498 490 
482 444 458 445 
493 481 458 445 
493 426 459 490 
482 426 460 468 
495 425 461 469 
463 462 492 490 
463 438 463 468 
451 440 464 468 
434 456 474 469 
452 457 513 445 
435 439 476 445 
495 440 477 442 
455 441 478 468 
455 478 480 468 
455 439 480 460 
495 481 425 460 
458 481 468 443 
495 484 450 434 
495 441 501 445 
493 447 478 438 
446 435 445 440 
462 437 447 440 
448 437 427 441 
448 438 426 443 
449 502 428 468 
451 487 450 445 
452 487 511 489 
435 487 512 467 
415 441 433 467 
434 507 443 468 
435 478 419 470 
435 500 477 488 
494 431 468 488 
437 434 448 490 
438 441 449 467 
438 506 450 445 
512 507 487 469 
466 487 487 491 
497 435 488 445 
425 434 498 443 
425 434 498 436 
423 441 501 437 
470 441 480 445 
417 434 508 490 
429 434 503 494 
429 487 511 443 
484 427 511 494 
484 444 512 496 
474 431 462 469 
476 434 462 490 
422 506 429 488 
511 433 427 489 
489 436 428 490 
490 437 429 492 
491 437 430 493 
498 438 432 494 
497 439 433 495 
500 440 434 496 
500 439 435 438 
501 435 436 490 
500 436 438 490 
503 443 439 491 
503 443 440 491 
504 441 513 492 
504 444 443 494 
506 484 493 494 
507 435 481 495 
508 484 480 488 
508 484 471 490 
508 486 435 439 
510 484 436 440 
511 463 436 440 
455 506 486 440 
455 506 427 442 
468 464 422 443 
468 438 465 467 
455 436 466 467 
455 510 466 468 
456 441 467 440 
472 441 468 471 
472 442 469 441 
474 511 443 474 
468 514 478 476 
512 514 478 477 
455 516 480 478 
502 516 480 479 
480 484 484 480 
472 485 482 482 
507 466 483 483 
450 418 484 484 
488 486 486 485 
486 487 488 488 
489 488 489 489 
490 489 490 490 
491 490 491 491 
492 458 492 491 
491 512 480 492 
492 418 494 493 
494 463 494 494 
494 464 494 494 
495 464 495 434 
496 516 474 488 
479 500 499 488 
480 500 500 488 
471 445 477 490 
503 497 512 442 
505 453 468 442 
483 504 433 494 
483 506 434 496 
507 500 435 496 
485 456 437 440 
486 438 439 439 
488 457 439 440 
488 440 486 441 
490 448 498 441 
425 485 498 445 
513 486 508 443 
490 484 449 443 
433 484 460 445 
468 514 450 445 
468 502 445 490 
512 433 512 443 
512 486 512 469 
494 435 512 490 
440 463 448 442 
441 438 476 490 
442 433 449 488 
443 434 478 491 
443 434 451 445 
443 443 437 468 
444 444 425 468 
467 472 455 445 
415 507 435 490 
500 440 458 490 
415 440 514 467 
466 448 459 443 
468 437 512 443 
417 439 432 469 
443 506 478 443 
418 439 509 490 
482 440 415 490 
500 449 416 469 
512 461 480 468 
513 487 513 490 
432 464 422 490 
432 465 500 488 
443 500 470 488 
443 500 470 488 
444 503 469 469 
456 478 428 469 
446 436 429 491 
448 481 481 490 
448 431 474 494 
449 440 433 494 
451 507 433 494 
512 434 434 445 
513 487 460 445 
514 489 514 487 
514 438 515 445 
437 431 415 488 
468 507 517 469 
494 502 503 489 
435 504 474 490 
425 506 475 445 
500 506 475 490 
425 506 476 445 
500 507 515 445 
431 508 478 494 
468 509 517 469 
468 502 435 495 
409 409 409 409 
409 409 409 409 
409 409 409 409 
409 409 409 409 
409 409 409 409 
