0 : /home/yujr/openslam_openseqslam/results/res1-7/1_370_625/ManVecmkz625_370.txt
1 : /home/yujr/openslam_openseqslam/results/res1-7/1_370_625/OrgLargmkz625_370.txt
2 : /home/yujr/openslam_openseqslam/results/res1-7/1_370_625/OrgResultmkz625_370.txt
3 : /home/yujr/openslam_openseqslam/results/res1-7/1_370_625/SemColOrgmkz625_370.txt


369 369 369 369 
369 369 369 369 
369 369 369 369 
369 369 369 369 
369 369 369 369 
618 604 544 598 
619 605 602 599 
393 605 545 599 
394 433 545 600 
395 440 604 601 
394 439 535 602 
601 441 607 390 
602 433 484 602 
508 434 539 603 
508 436 452 487 
486 436 434 467 
510 438 533 468 
556 438 543 469 
608 439 484 524 
494 592 406 441 
429 531 578 578 
495 593 578 524 
431 562 515 527 
431 563 520 386 
432 563 582 609 
434 389 561 610 
480 565 574 608 
529 566 525 611 
529 566 526 611 
530 567 527 612 
531 567 459 614 
405 569 460 386 
549 425 559 524 
411 592 541 569 
611 438 540 582 
547 595 543 525 
434 582 543 527 
391 547 513 445 
391 439 577 579 
393 440 477 388 
380 574 478 527 
405 531 592 468 
406 532 480 610 
407 588 425 557 
409 607 606 560 
495 588 519 560 
389 588 607 445 
390 574 383 611 
391 574 564 609 
406 588 519 387 
406 574 385 388 
407 531 386 388 
409 588 386 540 
409 588 387 390 
410 406 511 389 
609 531 524 467 
395 578 526 405 
395 574 526 468 
435 574 410 408 
568 574 528 409 
494 531 547 410 
569 531 448 391 
570 588 449 386 
571 588 450 445 
410 588 487 609 
410 588 405 609 
409 607 407 445 
425 588 498 601 
425 531 498 592 
423 531 410 386 
470 588 388 445 
417 588 389 490 
429 434 389 494 
429 487 511 443 
484 563 511 567 
484 531 512 496 
474 588 582 609 
476 588 462 490 
606 531 429 488 
511 388 427 489 
489 436 428 490 
490 437 429 492 
526 574 430 493 
526 572 432 494 
526 439 433 495 
500 440 434 496 
500 532 435 438 
501 435 436 490 
500 570 438 490 
503 611 439 491 
503 574 591 491 
504 406 591 492 
504 588 592 494 
506 406 593 494 
507 588 594 495 
508 588 480 392 
602 484 471 392 
508 574 435 439 
510 574 436 440 
511 463 436 440 
608 562 486 440 
527 563 427 442 
527 563 422 407 
468 563 465 467 
455 436 466 467 
455 566 466 468 
456 566 467 440 
405 441 468 471 
472 442 469 441 
474 511 443 546 
604 514 478 476 
604 514 478 477 
455 516 480 478 
598 544 480 479 
600 484 484 480 
602 485 482 482 
602 466 483 483 
603 486 484 484 
604 486 486 485 
605 487 488 488 
489 488 489 489 
490 489 490 490 
491 490 491 491 
492 541 492 491 
491 512 480 492 
492 418 494 493 
494 516 494 494 
494 516 494 494 
495 464 410 434 
496 516 474 488 
479 500 563 488 
480 500 500 488 
471 445 538 490 
503 497 512 442 
505 453 468 546 
483 504 433 494 
483 506 434 609 
507 500 435 610 
485 456 535 611 
486 438 439 611 
488 457 439 386 
488 440 486 387 
490 587 558 387 
397 485 518 388 
412 574 558 389 
490 484 449 390 
610 575 523 391 
401 514 450 583 
468 549 551 584 
405 549 549 386 
405 486 550 386 
405 512 609 409 
393 397 407 542 
408 398 546 389 
409 564 449 390 
382 434 478 590 
410 518 451 591 
412 603 531 576 
398 588 425 577 
389 588 588 577 
389 607 606 584 
391 440 607 609 
392 387 608 558 
568 389 566 610 
568 389 411 380 
383 601 412 583 
385 393 413 443 
385 394 607 490 
387 570 415 490 
375 449 416 469 
375 461 480 385 
377 487 393 386 
379 394 394 386 
378 570 395 388 
604 529 396 488 
443 529 470 610 
444 530 398 611 
456 574 428 611 
405 574 429 611 
448 574 481 613 
448 531 397 524 
449 440 402 525 
451 402 401 576 
512 549 402 577 
405 563 460 578 
405 531 411 609 
405 531 515 610 
406 531 415 388 
406 406 408 388 
408 588 408 390 
409 570 474 391 
409 588 586 592 
410 574 563 392 
410 506 589 392 
569 507 572 394 
431 508 478 542 
533 509 573 388 
537 379 609 388 
369 369 369 369 
369 369 369 369 
369 369 369 369 
369 369 369 369 
369 369 369 369 
