0 : /home/yujr/openslam_openseqslam/results/res1-7/3_180_420/ManVecmkz420_180.txt
1 : /home/yujr/openslam_openseqslam/results/res1-7/3_180_420/OrgLargmkz420_180.txt
2 : /home/yujr/openslam_openseqslam/results/res1-7/3_180_420/OrgResultmkz420_180.txt
3 : /home/yujr/openslam_openseqslam/results/res1-7/3_180_420/SemColOrgmkz420_180.txt


179 179 179 179 
179 179 179 179 
179 179 179 179 
179 179 179 179 
179 179 179 179 
376 297 259 256 
377 242 259 269 
393 241 262 270 
394 242 262 271 
235 339 263 271 
235 406 360 272 
236 297 221 273 
306 406 221 220 
317 242 221 255 
240 357 191 249 
340 294 191 257 
266 294 192 342 
266 245 193 194 
266 246 195 343 
345 247 195 195 
405 196 196 196 
202 321 197 197 
405 196 198 367 
206 257 200 386 
207 198 200 229 
205 276 201 367 
206 277 202 252 
206 202 203 196 
207 185 204 407 
208 185 349 223 
211 186 206 218 
212 187 207 386 
213 188 238 386 
213 282 248 220 
214 191 410 222 
216 192 191 367 
219 192 226 223 
218 305 193 243 
219 206 193 225 
240 306 195 196 
240 345 300 197 
240 345 364 195 
197 306 365 249 
407 236 229 392 
199 296 230 385 
231 297 231 386 
232 238 208 382 
390 238 234 222 
391 237 235 365 
406 306 228 387 
406 304 385 388 
407 241 386 388 
409 406 386 367 
242 303 387 390 
201 357 414 196 
201 310 388 230 
202 358 389 405 
203 297 248 389 
205 299 410 408 
205 300 300 409 
207 301 254 410 
208 237 256 256 
208 303 257 257 
209 306 258 257 
210 306 258 258 
259 243 260 259 
409 309 261 260 
261 310 262 261 
280 264 263 263 
264 237 264 264 
281 266 266 265 
267 310 267 267 
282 309 268 268 
269 310 269 269 
335 290 189 270 
272 272 272 223 
273 406 190 225 
285 300 191 349 
308 376 192 342 
266 309 193 340 
246 310 194 342 
246 311 259 344 
246 240 283 345 
246 240 199 346 
248 241 200 347 
249 242 240 348 
296 242 356 349 
251 237 242 342 
322 238 244 341 
350 243 244 343 
333 238 299 344 
333 303 300 344 
334 303 301 346 
314 304 302 367 
282 306 303 348 
248 291 287 342 
273 243 287 342 
378 337 241 342 
217 237 405 367 
279 308 280 281 
190 358 338 282 
248 358 281 283 
248 192 197 407 
250 237 197 388 
251 238 302 296 
251 238 320 367 
251 246 199 367 
252 318 205 326 
324 242 206 327 
254 320 207 327 
255 322 332 328 
279 306 332 386 
370 258 332 287 
300 352 333 287 
312 349 334 271 
326 274 335 271 
285 335 335 327 
263 337 337 327 
339 338 338 338 
341 339 339 340 
342 340 340 341 
342 341 342 342 
279 342 343 343 
344 343 344 343 
345 397 345 344 
202 345 345 345 
285 345 346 346 
285 345 347 346 
368 347 348 347 
294 288 348 348 
331 348 349 349 
331 349 350 340 
332 350 350 344 
333 294 351 344 
333 240 352 344 
333 188 353 367 
314 189 355 355 
337 191 356 348 
338 191 356 296 
275 192 271 296 
341 313 272 386 
277 244 273 387 
278 350 363 195 
189 296 364 196 
285 335 194 389 
190 335 207 390 
191 288 236 230 
220 191 237 231 
404 257 365 367 
405 257 366 367 
405 258 367 367 
405 191 367 367 
225 397 368 196 
408 398 368 389 
226 216 370 390 
227 274 370 195 
373 294 373 213 
374 294 373 230 
374 212 374 393 
389 213 375 222 
389 214 375 222 
220 214 214 386 
392 290 327 193 
224 215 328 194 
382 217 411 196 
383 294 412 196 
385 393 413 255 
385 394 414 255 
387 389 387 342 
374 345 330 343 
375 229 391 385 
377 242 393 386 
379 274 394 367 
365 323 285 388 
366 244 287 340 
301 345 398 367 
271 398 236 367 
406 376 220 196 
405 329 221 196 
271 304 372 388 
274 318 187 199 
287 379 189 287 
287 402 401 223 
334 388 402 255 
335 406 191 384 
405 357 191 196 
253 243 206 196 
406 206 415 198 
406 406 408 388 
408 306 408 390 
409 204 197 391 
409 262 199 201 
410 237 193 342 
279 356 349 392 
279 358 306 394 
201 237 330 394 
352 243 331 388 
395 345 405 388 
179 179 179 179 
179 179 179 179 
179 179 179 179 
179 179 179 179 
179 179 179 179 
