0 : /home/yujr/openslam_openseqslam/results/res1-7/2_40_190/ManVecmkz190_40.txt
1 : /home/yujr/openslam_openseqslam/results/res1-7/2_40_190/OrgLargmkz190_40.txt
2 : /home/yujr/openslam_openseqslam/results/res1-7/2_40_190/OrgResultmkz190_40.txt
3 : /home/yujr/openslam_openseqslam/results/res1-7/2_40_190/SemColOrgmkz190_40.txt


39 39 39 39 
39 39 39 39 
39 39 39 39 
39 39 39 39 
39 39 39 39 
53 46 168 52 
53 46 133 165 
180 47 134 95 
74 48 117 117 
74 49 118 95 
147 50 142 169 
108 144 50 169 
139 144 104 169 
170 47 103 171 
80 146 121 171 
67 147 91 146 
53 159 129 90 
53 159 129 148 
67 161 131 169 
68 76 65 94 
71 121 65 95 
130 121 66 136 
71 121 110 111 
46 79 111 102 
185 128 70 162 
46 80 71 137 
103 183 45 117 
184 184 150 50 
184 185 96 52 
113 185 72 120 
113 159 154 118 
114 134 131 119 
140 121 146 158 
140 122 148 120 
89 146 148 95 
89 140 149 95 
108 141 150 158 
109 159 151 136 
110 184 152 94 
92 183 86 95 
140 59 125 107 
142 159 127 110 
142 170 135 110 
142 134 60 69 
143 159 159 175 
144 146 61 113 
83 118 160 169 
175 170 75 135 
173 170 66 158 
176 47 149 158 
176 121 160 158 
178 170 150 128 
179 170 150 129 
179 47 153 100 
181 121 153 163 
71 47 154 111 
175 137 95 95 
175 170 131 136 
71 47 46 101 
128 170 58 101 
128 46 90 67 
129 144 48 67 
131 144 61 68 
131 47 61 68 
132 170 62 69 
91 121 64 141 
134 47 64 95 
93 47 65 95 
94 170 162 71 
73 121 163 169 
75 121 49 135 
75 121 58 67 
167 121 83 67 
77 84 83 166 
63 47 82 166 
63 170 160 167 
79 170 101 71 
64 144 92 117 
65 144 102 67 
66 47 132 67 
67 146 132 67 
68 147 146 68 
69 170 146 69 
69 159 102 69 
182 105 91 71 
182 47 161 71 
72 47 160 71 
73 47 106 72 
74 48 106 67 
163 121 171 67 
61 121 98 68 
61 170 101 69 
62 47 101 70 
63 47 102 158 
64 170 103 71 
65 170 79 72 
170 118 135 52 
170 136 49 52 
53 76 159 53 
53 121 83 69 
46 121 161 136 
46 48 133 169 
120 49 133 169 
99 47 86 117 
160 70 87 117 
53 71 82 117 
53 72 130 68 
53 159 131 69 
53 47 134 95 
179 47 135 48 
83 48 148 56 
159 48 59 55 
58 47 60 67 
120 47 60 67 
53 115 61 61 
53 48 61 62 
61 49 62 61 
79 118 63 63 
79 51 64 64 
66 120 66 65 
67 95 67 67 
67 96 58 68 
68 118 100 69 
69 73 67 67 
69 143 68 68 
175 69 102 69 
176 70 68 69 
69 71 70 71 
71 46 71 71 
70 72 71 63 
73 73 72 67 
74 73 73 67 
53 49 135 95 
61 90 60 69 
61 91 61 69 
61 92 167 70 
61 86 89 71 
63 70 187 65 
65 95 89 91 
65 101 91 117 
67 73 46 91 
68 47 64 114 
67 83 62 114 
67 136 48 95 
72 47 79 95 
99 137 72 109 
69 118 100 108 
46 95 100 108 
71 77 136 169 
68 121 83 158 
139 121 114 113 
162 63 121 144 
163 111 122 145 
185 65 117 146 
140 66 118 147 
141 69 110 148 
156 114 111 95 
157 115 151 151 
158 115 152 117 
158 116 152 49 
159 73 162 50 
160 138 55 136 
161 152 119 136 
162 121 127 92 
163 170 141 94 
174 144 165 95 
113 47 164 140 
115 145 87 140 
176 87 165 110 
176 46 166 139 
118 121 111 99 
118 70 111 112 
179 70 114 113 
120 69 115 69 
182 63 128 185 
119 142 115 108 
159 143 127 186 
180 57 57 136 
180 59 71 92 
53 170 132 138 
174 159 112 95 
65 159 62 94 
66 118 113 95 
179 47 135 96 
179 121 159 142 
180 170 160 142 
71 170 147 158 
182 47 160 136 
142 107 75 136 
108 47 74 137 
89 170 75 48 
99 47 75 49 
90 170 103 49 
158 170 79 67 
159 48 163 67 
160 121 49 182 
161 51 50 69 
69 144 51 70 
39 39 39 39 
39 39 39 39 
39 39 39 39 
39 39 39 39 
39 39 39 39 
