correct of each one
 201 85 41 41 53 47

sum of each one
  20706  356  216  204  263  232

1B2B3B4B5A : 
28 203 566 566 611 206 
28 2 2 2 0 4 
29 526 233 233 611 207 
29 0 2 2 0 3 
30 349 233 233 612 208 
30 0 2 2 0 3 
32 460 572 572 119 212 
32 0 2 2 1 3 
33 559 572 572 158 213 
33 2 2 2 0 3 
34 148 269 269 220 213 
34 2 0 0 2 3 
36 149 359 345 367 216 
36 0 0 0 1 3 
37 150 415 96 223 219 
37 0 0 0 2 3 
47 30 236 580 445 232 
47 1 1 1 1 5 
54 387 97 392 100 242 
54 1 2 1 2 3 
76 189 30 30 167 272 
76 0 0 0 1 5 
93 592 70 70 494 62 
93 0 0 0 1 3 
109 206 335 169 327 472 
109 1 2 0 0 3 
110 443 77 77 546 474 
110 0 0 0 1 3 
127 346 346 346 346 285 
127 1 1 1 1 3 
166 412 85 412 196 383 
166 1 0 1 0 3 
167 413 125 448 140 385 
167 2 0 0 1 3 
173 394 570 570 367 379 
173 2 0 0 0 3 
188 415 251 251 198 406 
188 0 0 0 2 3 
192 586 558 558 49 409 
192 0 0 0 0 3 
193 193 309 309 342 410 
193 0 0 0 0 3 
1B2B3B4B5A : 21

1A2B3B4B5B : 15 191 171 171 249 508 
15 4 2 2 0 0 
16 191 171 171 257 340 
16 4 2 2 0 0 
19 195 481 481 343 608 
19 3 1 1 0 0 
21 196 482 483 95 429 
21 4 0 0 0 0 
24 200 47 47 386 431 
24 3 0 0 0 0 
25 200 485 47 609 432 
25 4 0 0 0 0 
26 201 305 250 610 434 
26 4 0 0 0 0 
27 202 532 532 608 206 
27 4 2 2 0 2 
56 524 234 234 467 201 
56 5 0 0 0 1 
57 526 412 412 405 202 
57 4 0 0 2 1 
58 526 414 414 468 203 
58 3 0 0 0 0 
81 428 493 481 490 67 
81 3 0 0 1 1 
82 429 493 493 492 246 
82 4 0 0 0 1 
85 433 64 71 495 182 
85 3 0 1 2 0 
86 434 71 71 71 182 
86 4 0 0 0 0 
87 435 71 71 71 500 
87 4 0 0 0 0 
90 439 416 416 343 503 
90 3 0 0 2 2 
91 299 417 418 344 503 
91 4 0 0 0 2 
92 300 70 70 69 504 
92 4 1 1 1 2 
95 303 497 497 71 507 
95 4 0 0 0 2 
96 480 497 497 72 508 
96 3 0 0 0 0 
113 332 65 341 287 455 
113 4 0 0 0 0 
139 356 17 18 611 485 
139 3 0 0 1 0 
154 368 251 362 389 408 
154 4 2 1 2 0 
155 370 75 75 147 226 
155 4 0 0 2 1 
156 370 250 447 590 227 
156 4 0 0 0 1 
159 374 78 78 577 158 
159 3 0 0 0 0 
161 375 79 79 222 159 
161 3 0 0 0 0 
183 401 527 481 95 66 
183 4 0 0 0 0 
184 402 43 333 577 179 
184 4 0 0 0 0 
1A2B3B4B5B : 30

1B2A3A4A5B : 9 117 167 167 600 394 
9 0 3 3 3 0 
10 263 167 167 601 235 
10 1 3 3 3 0 
74 511 270 270 269 77 
74 0 5 5 5 1 
78 191 72 72 349 476 
78 1 3 3 3 1 
1B2A3A4A5B : 4

3B4A : 7 259 572 572 599 471 
7 0 1 1 3 2 
8 262 109 572 599 393 
8 0 0 0 3 0 
18 193 269 269 194 53 
18 3 0 0 3 1 
20 195 332 332 195 345 
20 4 0 0 4 0 
35 148 574 533 222 214 
35 0 1 1 3 3 
39 193 362 362 225 219 
39 0 0 0 3 3 
62 10 153 153 256 208 
62 0 0 0 5 0 
63 449 227 227 257 208 
63 0 0 0 5 2 
68 262 261 309 261 261 
68 5 5 1 5 5 
71 266 265 481 265 281 
71 4 4 0 4 0 
72 267 312 312 267 267 
72 5 2 2 5 5 
73 268 312 312 268 282 
73 5 2 2 5 1 
75 511 562 562 270 484 
75 0 0 0 4 0 
84 432 507 505 494 69 
84 4 0 0 3 3 
88 436 350 350 342 501 
88 3 1 1 3 0 
89 438 416 416 341 500 
89 5 0 0 3 2 
104 465 73 355 467 250 
104 3 0 0 3 1 
105 466 74 74 467 251 
105 4 0 0 4 1 
106 466 398 398 468 455 
106 4 0 0 4 1 
111 478 506 506 476 604 
111 3 0 0 3 2 
112 332 476 66 477 604 
112 2 3 0 3 0 
114 333 341 509 479 598 
114 4 0 0 3 1 
115 61 75 75 480 600 
115 3 2 2 4 1 
116 482 345 345 62 602 
116 3 0 0 4 1 
117 483 345 406 483 602 
117 4 0 0 4 1 
118 484 305 346 484 603 
118 4 0 0 4 1 
151 367 202 588 367 405 
151 3 1 0 3 3 
152 367 203 203 367 405 
152 3 0 0 3 3 
172 393 594 594 386 619 
172 0 0 0 3 2 
185 460 575 482 578 179 
185 0 0 0 3 0 
3B4A : 30

3A4B : 11 142 169 168 272 235 
11 0 3 3 2 0 
12 221 169 169 273 236 
12 0 3 3 1 0 
13 221 170 170 220 602 
13 0 3 3 0 2 
31 459 571 571 118 211 
31 0 2 3 0 3 
61 254 575 254 410 207 
61 5 0 5 2 0 
94 302 496 304 494 63 
94 4 1 4 1 3 
132 350 350 350 67 74 
132 3 3 3 0 3 
133 350 350 350 490 332 
133 4 4 4 0 0 
134 351 351 351 69 61 
134 4 4 4 0 0 
135 352 352 352 69 333 
135 4 4 4 1 2 
136 353 347 353 367 61 
136 4 0 4 0 2 
137 355 355 355 71 61 
137 3 3 3 0 2 
138 30 355 355 610 507 
138 1 3 3 1 1 
141 272 361 361 386 67 
141 0 3 3 0 0 
142 273 362 34 387 277 
142 0 3 3 0 0 
143 34 363 363 195 278 
143 3 3 3 0 0 
158 373 373 374 230 374 
158 3 3 3 0 3 
191 197 409 409 391 409 
191 0 3 3 0 3 
3A4B : 18

2B3A : 31 459 571 571 118 211 
31 0 2 3 0 3 
61 254 575 254 410 207 
61 5 0 5 2 0 
94 302 496 304 494 63 
94 4 1 4 1 3 
136 353 347 353 367 61 
136 4 0 4 0 2 
2B3A : 4

2A3B : 68 262 261 309 261 261 
68 5 5 1 5 5 
71 266 265 481 265 281 
71 4 4 0 4 0 
112 332 476 66 477 604 
112 2 3 0 3 0 
157 373 374 447 213 373 
157 4 4 0 1 4 
2A3B : 4

