0 0 0 0 0 0 0 0 0 0 0 0 
0 0 0 0 0 0 0 0 0 0 0 0 
0 0 0 0 0 0 0 0 0 0 0 0 
0 0 0 0 0 0 0 0 0 0 0 0 
0 0 0 0 0 0 0 0 0 0 0 0 
53 618 53 618 53 334 53 53 259 598 52 52 
471 619 471 619 471 619 619 619 259 599 572 572 
393 620 393 619 393 598 393 393 262 599 572 109 
394 619 394 619 394 336 325 394 117 600 167 167 
235 622 235 622 235 304 336 235 263 601 167 167 
235 622 235 316 235 86 15 316 142 272 168 169 
236 623 236 601 236 552 391 391 221 273 169 169 
602 192 602 602 602 339 317 602 221 220 170 170 
508 604 508 604 508 429 317 317 221 255 570 570 
508 604 508 604 508 429 317 604 191 249 171 171 
340 192 340 192 340 429 21 320 191 257 171 171 
53 194 53 194 53 431 286 53 7 468 268 268 
53 195 53 195 53 431 67 53 193 194 269 269 
608 195 608 195 608 432 67 608 195 343 481 481 
345 196 345 196 345 433 609 609 195 195 332 332 
429 196 429 196 429 433 523 523 196 95 483 482 
495 202 495 202 495 130 67 463 27 197 123 483 
431 203 431 203 431 291 560 560 198 367 125 483 
431 206 431 202 431 433 40 40 200 386 47 47 
432 207 432 207 432 207 207 432 200 609 47 485 
434 205 434 205 434 86 611 611 201 610 250 305 
206 206 206 206 206 40 40 206 202 608 532 532 
206 206 206 139 206 134 41 206 203 611 566 566 
207 207 207 207 207 42 42 207 526 611 233 233 
208 208 208 140 208 195 113 211 349 612 233 233 
211 211 211 140 211 324 211 541 459 118 571 571 
212 140 212 140 212 169 39 39 460 119 572 572 
213 140 213 140 213 170 40 213 559 158 572 572 
213 213 213 213 213 374 608 214 148 220 269 269 
214 214 214 214 214 86 306 215 148 222 533 574 
216 108 216 215 216 211 232 232 149 367 345 359 
219 219 219 219 219 551 219 219 150 223 96 415 
218 218 218 218 218 192 219 219 193 243 275 361 
219 219 219 219 219 193 391 391 193 225 362 362 
240 223 240 140 240 194 202 240 195 95 456 59 
240 196 240 140 240 196 380 240 300 197 458 458 
240 196 240 142 240 196 405 405 364 468 75 75 
197 224 197 114 197 197 536 536 135 110 76 76 
407 198 407 114 407 620 373 407 28 557 95 95 
143 230 143 230 143 621 458 29 28 560 450 450 
231 231 231 231 231 232 232 374 231 560 138 220 
232 232 232 232 232 463 232 232 30 445 580 236 
390 234 390 234 390 616 139 390 75 135 429 80 
391 235 391 235 391 188 601 391 564 158 577 80 
406 238 406 237 406 288 601 253 519 158 100 584 
406 238 406 238 406 169 123 254 385 388 45 45 
407 239 407 239 407 239 40 40 386 128 556 556 
409 240 409 240 409 406 409 409 13 129 161 580 
242 242 242 242 242 93 617 451 387 100 392 97 
201 243 201 243 201 93 201 201 511 163 437 437 
201 201 201 108 201 71 71 609 524 467 234 234 
202 108 202 108 202 247 365 248 526 405 412 412 
203 203 203 127 203 96 365 175 526 468 414 414 
71 253 71 253 71 71 366 205 46 408 416 415 
205 253 205 253 205 190 367 128 528 409 441 441 
207 254 207 254 207 411 368 128 254 410 254 575 
208 255 208 256 208 105 17 129 10 256 153 153 
208 208 208 256 208 499 208 570 449 257 227 227 
131 89 131 257 131 303 438 131 258 257 257 257 
210 91 210 259 210 470 512 512 258 258 257 257 
91 91 91 259 91 462 512 512 260 259 258 258 
134 91 134 260 134 192 91 134 261 260 260 260 
261 93 261 261 261 252 340 487 262 261 309 261 
425 94 425 263 425 508 263 280 263 263 262 262 
423 546 423 264 423 73 73 152 264 264 264 263 
281 547 281 265 281 308 470 470 266 265 481 265 
267 187 267 267 267 473 267 267 267 267 312 312 
282 397 282 268 282 514 429 167 268 268 312 312 
77 269 77 269 77 512 429 167 511 269 270 270 
484 547 484 271 484 484 484 484 511 270 562 562 
272 547 272 272 272 314 272 272 189 167 30 30 
273 547 273 273 273 306 273 273 582 71 78 78 
476 547 476 274 476 464 508 508 191 349 72 72 
606 81 606 487 606 420 422 8 429 488 226 226 
66 81 66 488 66 292 423 511 193 489 75 75 
67 246 67 489 67 424 67 67 428 490 481 493 
246 246 246 490 246 187 194 526 429 492 493 493 
69 69 69 69 69 94 526 526 430 69 346 346 
69 69 69 69 69 95 412 526 432 494 505 507 
182 69 182 496 182 96 526 526 433 495 71 64 
182 70 182 497 182 134 182 182 434 71 71 71 
500 72 500 500 500 198 12 12 435 71 71 71 
501 73 501 500 501 349 501 73 436 342 350 350 
500 352 500 500 500 349 500 500 438 341 416 416 
503 350 503 501 503 350 503 503 439 343 416 416 
503 503 503 503 503 352 503 503 299 344 418 417 
504 504 504 504 504 352 503 504 300 69 70 70 
62 504 62 504 62 353 504 504 592 494 70 70 
63 506 63 506 63 354 459 459 302 494 304 496 
507 507 507 471 507 355 507 507 303 71 497 497 
508 390 508 326 508 357 65 6 480 72 497 497 
602 392 602 463 602 357 602 6 471 342 350 350 
7 392 7 464 7 187 187 464 49 342 350 350 
510 510 510 465 510 508 465 8 436 440 350 350 
511 511 511 451 511 199 604 379 83 440 350 350 
608 512 608 466 608 199 356 379 486 282 353 353 
527 527 527 474 527 486 608 261 281 283 353 353 
527 191 527 468 527 500 468 278 133 407 355 354 
250 84 250 468 250 300 310 454 465 467 355 73 
251 455 251 455 251 311 311 455 466 467 74 74 
455 515 455 455 455 448 362 455 466 468 398 398 
53 515 53 472 53 432 456 456 467 440 167 167 
53 84 53 472 53 433 251 251 468 69 169 334 
472 303 472 324 472 249 179 179 206 327 169 335 
474 82 474 474 474 179 179 179 443 546 77 77 
604 83 604 325 604 428 604 604 478 476 506 506 
604 398 604 468 604 13 182 379 332 477 66 476 
455 395 455 455 455 429 501 501 332 287 341 65 
598 396 598 331 598 437 606 377 333 479 509 341 
600 397 600 480 600 432 76 76 61 480 75 75 
602 61 602 482 602 433 505 53 482 62 345 345 
602 61 602 339 602 507 507 262 483 483 406 345 
603 396 603 338 603 65 79 79 484 484 346 305 
604 339 604 339 604 65 80 412 486 485 487 487 
605 341 605 486 605 65 65 66 488 488 488 488 
67 67 67 489 67 67 67 8 489 489 488 488 
67 68 67 490 67 67 67 68 490 490 490 489 
491 68 491 491 491 68 621 491 491 343 490 490 
492 364 492 492 492 491 70 491 344 343 492 492 
491 363 491 492 491 352 175 491 345 344 344 344 
492 202 492 492 492 190 624 175 345 345 345 345 
285 346 285 494 285 403 573 12 346 346 346 346 
494 83 494 494 494 494 285 285 347 346 346 346 
495 84 495 495 495 358 71 285 71 71 71 71 
294 205 294 496 294 294 14 205 348 348 348 348 
331 206 331 73 331 15 73 73 349 349 348 348 
74 353 74 74 74 409 73 73 350 67 350 350 
332 354 332 72 332 503 72 53 350 490 350 350 
61 76 61 76 61 271 76 503 351 69 351 351 
333 355 333 352 333 271 271 505 352 69 352 352 
61 355 61 354 61 292 272 61 353 367 353 347 
61 355 61 355 61 357 314 61 355 71 355 355 
507 357 507 356 507 188 507 507 30 610 355 355 
485 357 485 275 485 606 508 485 356 611 18 17 
65 358 65 275 65 464 433 233 271 296 20 20 
67 360 67 276 67 80 393 489 272 386 361 361 
277 361 277 277 277 361 510 488 273 387 34 362 
278 362 278 278 278 194 183 198 34 195 363 363 
189 189 189 279 189 184 181 398 518 196 333 333 
285 190 285 282 285 86 611 398 79 95 334 366 
99 190 99 283 99 99 602 399 207 390 159 527 
610 191 610 283 610 100 201 201 236 230 160 160 
220 361 220 361 220 190 185 202 237 231 483 483 
468 193 468 366 468 193 620 20 365 584 585 201 
405 363 405 363 405 194 194 405 366 367 586 201 
405 368 405 393 405 195 195 195 367 367 588 202 
405 369 405 369 405 104 190 405 367 367 203 203 
225 367 225 367 225 130 544 130 368 145 429 429 
408 369 408 369 408 128 139 196 368 389 362 251 
226 369 226 369 226 565 140 197 370 147 75 75 
227 372 227 372 227 197 141 372 370 590 447 250 
373 373 373 373 373 410 373 373 373 213 447 374 
374 374 374 374 374 156 374 374 373 230 374 373 
158 374 158 374 158 157 157 157 374 577 78 78 
158 375 158 375 158 158 158 158 588 577 79 79 
159 376 159 375 159 413 131 159 375 222 79 79 
160 381 160 376 160 608 421 414 55 136 73 79 
161 381 161 380 161 97 392 392 608 558 456 456 
162 381 162 381 162 610 612 612 566 92 456 203 
568 39 568 382 568 405 611 399 411 94 313 313 
383 406 383 383 383 406 614 406 412 196 412 85 
385 401 385 369 385 332 614 614 413 140 448 125 
385 401 385 373 385 90 615 615 607 490 556 556 
387 402 387 373 387 181 181 176 10 342 557 557 
176 403 176 374 176 515 130 176 416 343 558 558 
118 403 118 375 118 604 604 178 480 99 88 220 
619 402 619 377 619 619 619 619 393 386 594 594 
379 405 379 379 379 431 620 620 394 367 570 570 
365 365 365 379 365 600 600 432 285 388 529 529 
366 366 366 378 366 521 604 366 287 115 538 538 
301 405 301 377 301 330 598 301 470 108 354 564 
271 405 271 376 271 406 550 550 236 611 531 531 
456 404 456 377 456 334 406 405 428 196 532 456 
405 405 405 405 405 604 405 405 221 611 161 532 
448 407 448 376 448 173 189 448 372 138 162 162 
448 403 448 377 448 65 448 448 187 524 534 534 
287 404 287 404 287 65 66 306 189 94 332 332 
66 405 66 405 66 66 66 66 401 95 481 527 
179 405 179 405 179 86 411 411 402 577 333 43 
179 405 179 405 179 179 179 179 460 578 482 575 
405 405 405 405 405 98 201 223 191 609 483 576 
71 405 71 405 71 71 71 71 515 610 250 577 
406 406 406 406 406 405 405 406 415 198 251 251 
406 406 406 406 406 406 406 406 408 136 251 251 
408 408 408 408 408 104 408 408 408 137 408 408 
409 409 409 409 409 104 129 129 197 391 409 409 
409 409 409 409 409 229 229 409 586 49 558 558 
410 410 410 410 410 94 410 410 193 342 309 309 
584 409 584 410 584 94 365 410 349 392 309 287 
279 410 279 410 279 94 368 388 163 67 203 560 
160 409 160 410 160 95 130 8 478 542 180 180 
161 408 161 408 161 97 11 161 50 69 181 181 
69 537 69 537 69 98 537 537 51 388 218 218 
0 0 0 0 0 0 0 0 0 0 0 0 
0 0 0 0 0 0 0 0 0 0 0 0 
0 0 0 0 0 0 0 0 0 0 0 0 
0 0 0 0 0 0 0 0 0 0 0 0 
0 0 0 0 0 0 0 0 0 0 0 0 