0 : /home/yujr/openslam_openseqslam/results/res1-10/5_520_410/ManVecmkz520_410.txt
1 : /home/yujr/openslam_openseqslam/results/res1-10/5_520_410/OrgLargmkz520_410.txt
2 : /home/yujr/openslam_openseqslam/results/res1-10/5_520_410/Orgmkz520_410.txt
3 : /home/yujr/openslam_openseqslam/results/res1-10/5_520_410/SemColOrgmkz520_410.txt


521 521 521 521 
521 521 521 521 
521 521 521 521 
521 521 521 521 
521 521 521 521 
479 487 513 466 
478 442 445 466 
476 432 510 493 
475 435 429 486 
475 442 428 490 
506 432 428 489 
505 431 498 488 
504 431 498 440 
502 429 498 493 
468 447 454 441 
468 506 451 466 
468 435 451 467 
468 433 469 439 
465 431 470 441 
456 431 426 440 
433 440 426 439 
432 439 425 439 
431 487 425 441 
453 438 423 442 
494 438 422 486 
495 460 511 440 
494 459 445 441 
493 458 444 442 
449 426 443 439 
491 506 443 487 
434 505 462 486 
480 464 461 439 
432 506 441 492 
432 443 479 466 
432 435 439 466 
431 461 435 439 
431 439 443 439 
450 438 493 488 
450 463 478 488 
449 431 492 486 
449 487 491 486 
449 433 427 441 
462 418 457 440 
462 434 510 439 
445 487 443 466 
433 447 480 486 
432 487 443 443 
457 438 512 466 
433 506 504 493 
433 504 503 469 
432 440 510 493 
431 432 470 466 
430 439 435 466 
429 438 449 464 
480 437 448 487 
431 437 447 440 
477 435 480 439 
465 437 499 441 
425 435 498 441 
428 433 498 466 
427 432 497 466 
427 432 496 487 
449 437 495 464 
514 506 511 466 
514 487 510 494 
515 506 509 442 
512 506 426 441 
513 506 444 469 
513 504 424 439 
510 504 431 469 
509 440 443 486 
508 438 470 467 
506 438 441 466 
507 437 469 425 
505 437 468 469 
504 487 467 469 
502 487 466 468 
502 487 465 466 
501 431 419 466 
500 438 492 464 
499 506 491 439 
497 436 490 442 
495 433 488 441 
495 432 454 441 
494 432 506 439 
493 442 452 466 
492 437 484 465 
491 418 484 466 
420 435 482 442 
420 433 431 441 
450 438 430 466 
451 437 478 466 
417 437 513 439 
473 418 498 465 
473 506 498 468 
415 438 498 466 
466 457 466 465 
465 438 466 465 
468 469 465 464 
456 469 484 469 
442 448 443 469 
441 447 442 468 
453 447 425 468 
452 447 425 486 
466 436 424 439 
452 463 472 439 
449 431 478 470 
482 503 415 440 
474 501 468 439 
448 501 425 487 
466 487 443 486 
452 487 420 466 
452 486 440 465 
486 484 464 440 
474 466 454 439 
506 482 445 439 
482 437 444 441 
481 463 443 441 
502 445 436 466 
466 493 435 465 
477 416 483 464 
438 452 440 439 
438 469 440 437 
497 469 470 473 
496 488 470 466 
497 487 469 425 
496 487 511 466 
494 466 510 492 
422 514 510 439 
422 467 475 439 
450 456 420 466 
420 500 481 467 
420 500 457 466 
419 498 468 467 
449 469 468 466 
474 450 443 436 
482 502 442 496 
504 487 515 462 
454 498 464 493 
468 451 512 493 
468 485 511 440 
498 482 462 439 
465 482 444 442 
427 505 443 439 
437 454 460 441 
437 494 459 441 
494 507 441 441 
437 487 514 471 
466 487 452 466 
431 486 511 466 
488 469 509 468 
433 469 484 466 
431 438 476 425 
431 438 476 486 
464 512 497 466 
464 512 484 466 
419 511 495 494 
419 500 511 493 
473 483 436 492 
417 438 510 492 
429 437 448 466 
510 506 450 490 
509 513 478 487 
467 481 507 487 
509 507 476 486 
415 506 492 486 
498 443 451 490 
442 454 451 493 
416 506 491 466 
512 432 420 488 
415 418 418 466 
442 417 417 486 
442 461 416 441 
510 460 462 442 
509 460 491 439 
509 463 491 439 
413 424 442 441 
484 487 475 439 
452 487 474 440 
484 487 413 439 
483 486 423 467 
480 487 466 466 
466 435 512 467 
456 435 456 486 
456 436 419 465 
454 433 419 486 
466 431 515 466 
466 431 461 466 
466 431 460 465 
431 430 458 464 
431 438 457 463 
430 435 455 435 
511 487 455 466 
511 506 454 436 
497 432 453 486 
497 431 421 486 
466 463 420 494 
429 418 451 493 
521 521 521 521 
521 521 521 521 
521 521 521 521 
521 521 521 521 
521 521 521 521 
