0 : /home/yujr/openslam_openseqslam/results/res1-10/4_370_310/ManVecmkz370_310.txt
1 : /home/yujr/openslam_openseqslam/results/res1-10/4_370_310/OrgLargmkz370_310.txt
2 : /home/yujr/openslam_openseqslam/results/res1-10/4_370_310/Orgmkz370_310.txt
3 : /home/yujr/openslam_openseqslam/results/res1-10/4_370_310/SemColOrgmkz370_310.txt


371 371 371 371 
371 371 371 371 
371 371 371 371 
371 371 371 371 
371 371 371 371 
318 359 320 339 
317 356 318 338 
326 356 318 339 
315 356 326 339 
315 354 325 342 
314 354 349 341 
313 354 330 339 
325 343 365 339 
322 351 365 337 
323 359 365 342 
347 359 363 339 
346 339 363 339 
319 355 362 340 
318 354 364 321 
364 350 360 339 
318 350 363 339 
339 351 322 339 
347 321 333 338 
347 321 332 338 
337 321 323 339 
346 319 365 340 
337 365 329 342 
345 340 326 321 
345 363 326 340 
360 355 325 339 
357 339 315 361 
329 359 315 338 
360 357 321 339 
360 357 320 340 
331 356 319 339 
330 343 318 365 
329 342 318 365 
329 341 318 339 
328 356 316 339 
341 360 317 365 
341 339 315 340 
327 357 347 342 
360 355 323 363 
325 339 324 338 
331 339 356 339 
340 359 364 338 
327 359 318 361 
359 359 318 321 
328 333 363 361 
334 359 337 321 
319 359 349 321 
332 315 348 342 
343 315 332 342 
342 333 337 340 
342 359 331 340 
341 321 330 339 
341 321 363 365 
339 357 363 321 
340 339 318 364 
326 315 362 363 
325 313 360 363 
337 359 359 339 
325 314 358 339 
332 313 358 338 
334 343 357 321 
363 354 356 345 
334 359 318 342 
325 339 331 321 
328 358 332 321 
327 358 331 340 
326 343 363 339 
326 321 362 338 
325 335 348 340 
325 359 325 321 
326 350 331 321 
325 339 340 363 
350 313 349 365 
350 339 319 363 
329 339 346 340 
349 339 337 339 
349 337 336 341 
346 339 355 341 
346 335 340 339 
345 335 330 339 
344 315 329 326 
345 333 328 317 
342 333 318 342 
342 337 324 340 
342 315 323 340 
341 315 322 321 
316 333 340 339 
316 335 351 321 
336 333 350 320 
335 333 349 321 
325 359 332 321 
333 333 331 320 
350 357 330 319 
354 343 329 340 
326 350 326 340 
325 350 325 342 
323 351 349 320 
322 321 348 337 
322 338 349 342 
338 335 358 339 
319 335 331 340 
325 335 335 340 
325 352 349 339 
325 351 349 342 
325 351 331 342 
331 351 313 363 
330 351 329 339 
320 321 328 339 
320 321 332 340 
327 320 331 339 
325 346 349 365 
325 334 329 365 
325 360 316 363 
323 335 327 363 
332 335 326 338 
329 316 325 361 
329 343 322 340 
328 342 322 321 
346 343 321 321 
345 343 320 342 
325 351 319 321 
326 339 318 319 
324 339 318 326 
324 339 318 365 
341 338 349 338 
343 339 349 365 
339 359 348 342 
341 334 346 342 
340 360 346 342 
337 339 330 341 
325 335 327 340 
324 335 326 321 
325 315 319 365 
350 356 326 363 
350 335 315 363 
349 335 319 342 
320 335 349 342 
347 335 349 342 
364 334 344 339 
347 353 344 340 
347 352 343 339 
347 352 330 365 
339 351 364 338 
360 351 321 365 
345 321 321 363 
342 321 319 362 
342 347 320 363 
339 335 318 363 
338 334 322 361 
338 351 322 321 
350 321 360 321 
336 321 321 365 
365 321 322 320 
347 335 336 363 
336 358 349 363 
336 360 330 342 
336 359 314 342 
335 357 329 365 
321 355 330 364 
318 357 329 339 
321 335 327 339 
320 333 331 338 
365 329 353 361 
363 355 324 363 
326 349 337 341 
362 353 364 340 
363 354 331 339 
363 354 330 339 
363 343 346 321 
362 342 352 337 
357 341 351 365 
336 329 327 340 
336 344 327 340 
336 359 360 339 
335 339 326 339 
335 339 348 338 
332 339 324 365 
332 339 356 342 
330 338 365 339 
330 359 349 338 
329 359 330 339 
354 335 329 338 
351 313 345 337 
351 343 359 365 
351 342 358 364 
350 359 342 364 
350 359 357 363 
347 358 321 362 
325 359 356 361 
347 356 338 340 
347 356 336 339 
325 354 315 339 
324 353 314 338 
351 343 347 343 
371 371 371 371 
371 371 371 371 
371 371 371 371 
371 371 371 371 
371 371 371 371 
