0 : /home/yujr/openslam_openseqslam/results/res1-10/1_625_370/ManVecmkz625_370.txt
1 : /home/yujr/openslam_openseqslam/results/res1-10/1_625_370/OrgLargmkz625_370.txt
2 : /home/yujr/openslam_openseqslam/results/res1-10/1_625_370/Orgmkz625_370.txt
3 : /home/yujr/openslam_openseqslam/results/res1-10/1_625_370/SemColOrgmkz625_370.txt


626 626 626 626 
626 626 626 626 
626 626 626 626 
626 626 626 626 
626 626 626 626 
612 393 513 393 
612 392 537 393 
476 617 536 392 
524 617 566 391 
475 616 428 490 
506 432 619 389 
542 431 498 388 
504 573 498 388 
502 573 498 613 
414 572 454 391 
468 571 380 466 
468 586 451 384 
412 586 379 388 
414 586 379 591 
411 517 426 609 
433 516 376 607 
432 560 425 385 
431 487 408 384 
453 438 423 592 
494 590 407 583 
495 589 406 582 
389 589 530 441 
389 587 529 387 
449 604 528 611 
375 586 390 529 
375 586 591 575 
614 584 407 566 
567 506 409 566 
565 583 563 565 
567 435 439 525 
610 461 562 439 
610 549 532 562 
387 548 393 488 
387 463 610 590 
387 431 610 590 
559 531 608 385 
408 404 582 385 
407 530 403 440 
405 548 403 584 
405 586 402 584 
403 404 526 522 
401 609 594 520 
561 609 590 584 
561 586 529 519 
561 586 408 527 
560 586 587 386 
396 432 586 593 
395 530 606 384 
557 586 449 532 
393 437 558 546 
431 531 559 386 
392 435 557 385 
523 437 557 607 
523 435 556 387 
389 433 555 542 
521 406 497 385 
572 572 383 384 
572 572 583 383 
519 572 511 603 
518 572 510 607 
416 531 509 606 
513 530 400 387 
513 586 571 393 
513 586 558 439 
510 504 431 575 
509 572 515 575 
508 531 470 386 
506 438 441 592 
507 437 469 607 
505 437 468 411 
504 396 467 607 
502 487 466 468 
502 614 465 466 
501 406 419 466 
500 612 583 387 
499 609 491 386 
497 609 576 384 
495 586 488 384 
495 530 454 520 
494 530 506 439 
493 574 452 466 
492 572 376 389 
491 572 409 389 
420 572 529 388 
420 586 408 387 
450 572 407 540 
451 586 406 385 
417 572 581 393 
601 572 403 392 
473 586 498 610 
415 586 498 466 
466 528 536 465 
465 527 466 606 
528 469 607 386 
528 527 377 469 
526 448 443 404 
395 524 536 404 
453 447 425 468 
452 447 425 486 
466 522 399 610 
526 521 571 607 
449 431 605 607 
482 586 397 440 
375 516 528 405 
397 516 425 404 
607 515 517 486 
452 487 557 466 
452 590 440 465 
486 484 464 390 
474 466 523 439 
373 482 405 387 
482 437 444 386 
481 521 443 384 
502 521 436 466 
466 493 435 465 
477 416 603 386 
438 517 440 607 
438 516 440 610 
497 517 470 386 
496 515 470 404 
497 515 609 404 
525 514 600 404 
524 466 599 393 
422 514 510 439 
422 535 475 386 
450 456 398 385 
420 500 397 384 
420 532 457 466 
419 498 572 388 
590 564 572 387 
474 516 572 386 
482 502 571 387 
526 610 515 385 
525 609 568 384 
468 609 568 550 
468 397 591 608 
498 482 521 404 
465 587 444 565 
402 530 443 384 
528 586 460 441 
408 572 459 542 
526 516 515 584 
526 487 407 527 
564 487 452 583 
387 486 426 562 
488 469 509 525 
558 469 484 594 
558 438 403 610 
557 438 583 608 
555 572 497 607 
555 512 582 607 
554 572 408 607 
402 571 540 411 
402 379 569 604 
562 391 603 409 
562 390 376 577 
399 390 450 384 
561 572 406 576 
398 572 541 487 
618 570 392 386 
617 568 492 385 
616 568 451 490 
391 584 451 575 
378 566 491 382 
567 516 541 488 
566 564 418 466 
565 563 540 387 
564 461 416 441 
510 412 462 387 
546 578 549 384 
526 463 491 384 
612 597 578 384 
569 487 577 584 
452 487 578 575 
484 487 413 593 
483 486 412 404 
563 487 584 393 
466 572 583 528 
456 435 589 486 
610 531 544 405 
454 406 379 583 
409 586 376 388 
524 404 461 527 
568 560 530 526 
568 597 529 524 
567 531 533 524 
583 566 526 563 
583 564 455 466 
394 564 532 436 
393 404 542 542 
556 431 582 609 
466 586 529 609 
517 586 579 386 
626 626 626 626 
626 626 626 626 
626 626 626 626 
626 626 626 626 
626 626 626 626 
