0 : /home/yujr/openslam_openseqslam/results/res1-10/3_420_180/ManVecmkz420_180.txt
1 : /home/yujr/openslam_openseqslam/results/res1-10/3_420_180/OrgLargmkz420_180.txt
2 : /home/yujr/openslam_openseqslam/results/res1-10/3_420_180/Orgmkz420_180.txt
3 : /home/yujr/openslam_openseqslam/results/res1-10/3_420_180/SemColOrgmkz420_180.txt


421 421 421 421 
421 421 421 421 
421 421 421 421 
421 421 421 421 
421 421 421 421 
386 393 393 393 
317 392 318 393 
315 288 318 392 
315 288 326 391 
315 296 325 390 
314 294 297 389 
314 241 288 388 
313 293 231 388 
322 304 310 393 
219 241 218 391 
347 304 380 391 
391 303 379 384 
411 241 379 388 
414 354 364 387 
411 257 377 386 
411 256 376 385 
408 256 376 385 
409 256 408 384 
408 294 253 254 
246 253 323 247 
237 319 365 296 
389 303 192 194 
235 388 191 217 
235 228 326 230 
234 279 325 384 
233 404 315 240 
233 276 315 224 
231 206 187 223 
231 190 320 222 
390 273 319 252 
309 343 265 223 
329 387 251 365 
387 341 308 254 
387 374 316 223 
387 276 280 386 
305 190 290 385 
305 404 251 249 
216 406 403 248 
405 339 403 404 
405 339 356 198 
403 404 401 230 
401 241 366 253 
401 240 189 232 
399 303 264 230 
399 240 408 230 
398 288 210 229 
396 406 213 228 
395 241 373 249 
342 236 228 254 
393 237 188 223 
341 241 187 222 
238 241 221 385 
237 412 363 249 
391 303 185 195 
389 237 184 220 
389 313 384 363 
389 303 383 384 
244 406 358 383 
210 241 358 365 
363 241 357 365 
415 297 250 195 
415 241 400 387 
206 339 331 283 
413 294 277 405 
376 294 331 340 
306 293 413 339 
307 241 307 386 
305 400 271 223 
373 303 301 411 
326 240 188 411 
314 239 187 222 
350 240 264 221 
350 240 263 389 
329 239 379 388 
349 236 187 387 
349 241 268 386 
284 290 269 384 
283 291 268 384 
282 239 330 409 
281 238 201 223 
281 239 328 411 
281 288 318 389 
286 404 324 389 
342 236 408 388 
341 285 322 387 
306 285 407 365 
305 303 351 385 
306 333 350 393 
335 312 403 392 
304 241 403 255 
302 297 331 388 
350 241 301 404 
300 237 329 296 
278 240 299 386 
397 350 247 385 
284 351 247 404 
282 304 235 227 
282 303 235 342 
278 303 234 365 
247 302 399 340 
247 302 400 277 
325 352 397 192 
189 351 397 405 
188 351 376 405 
397 351 409 255 
298 189 408 254 
307 240 328 254 
307 309 197 198 
327 228 247 390 
325 228 349 365 
325 302 329 196 
314 294 316 195 
259 303 327 384 
302 308 326 411 
309 257 240 365 
329 374 322 386 
369 342 312 321 
297 343 221 321 
294 231 320 386 
294 230 218 220 
294 399 318 404 
292 228 243 404 
291 240 318 365 
288 227 349 283 
343 304 349 386 
288 303 348 385 
286 296 189 384 
274 296 396 405 
305 294 187 388 
306 194 234 387 
305 191 326 386 
304 191 319 387 
302 190 207 385 
300 188 235 384 
300 290 366 254 
299 397 349 196 
347 299 302 404 
389 299 344 385 
276 298 403 384 
347 198 287 339 
195 352 301 365 
194 351 312 365 
219 241 321 365 
192 231 321 365 
387 230 319 365 
342 230 320 230 
247 228 318 371 
338 270 322 361 
217 271 272 217 
367 305 272 223 
336 305 321 254 
403 303 408 385 
402 303 229 411 
402 379 300 410 
392 391 277 409 
400 390 277 342 
399 390 276 384 
399 298 330 364 
398 388 273 194 
279 290 272 386 
195 412 372 195 
195 329 250 385 
363 288 324 254 
378 276 409 382 
403 275 408 217 
191 257 304 339 
363 272 330 387 
215 343 287 387 
188 412 352 387 
277 341 351 213 
276 228 255 384 
275 215 315 340 
336 214 271 339 
335 339 403 382 
335 339 202 405 
332 339 279 404 
332 241 279 393 
330 241 286 393 
284 241 285 254 
329 374 395 405 
309 335 329 404 
186 237 376 388 
407 404 376 365 
351 241 247 364 
384 241 247 220 
280 359 246 363 
278 358 245 384 
279 359 266 230 
394 241 243 230 
185 404 264 286 
325 354 240 286 
210 353 240 286 
239 302 239 284 
421 421 421 421 
421 421 421 421 
421 421 421 421 
421 421 421 421 
421 421 421 421 
