0 : /home/yujr/openslam_openseqslam/results/res1-10/2_190_40/ManVecmkz190_40.txt
1 : /home/yujr/openslam_openseqslam/results/res1-10/2_190_40/OrgLargmkz190_40.txt
2 : /home/yujr/openslam_openseqslam/results/res1-10/2_190_40/Orgmkz190_40.txt
3 : /home/yujr/openslam_openseqslam/results/res1-10/2_190_40/SemColOrgmkz190_40.txt


191 191 191 191 
191 191 191 191 
191 191 191 191 
191 191 191 191 
191 191 191 191 
118 181 110 180 
100 180 182 179 
55 82 140 67 
155 168 108 92 
77 168 169 135 
76 168 169 64 
75 143 95 47 
75 120 169 47 
74 57 183 46 
161 168 69 93 
51 145 68 121 
72 145 150 93 
159 93 150 92 
158 71 126 92 
70 69 126 156 
69 69 145 114 
142 69 89 113 
155 120 144 92 
69 87 70 43 
112 86 113 114 
182 57 84 66 
65 185 148 142 
108 157 147 109 
147 55 147 108 
159 128 147 92 
147 127 88 141 
146 61 88 159 
144 71 153 176 
143 101 153 141 
143 100 152 66 
155 120 150 156 
154 120 150 112 
183 119 149 93 
152 95 147 92 
180 94 147 137 
107 120 101 135 
106 119 100 134 
159 120 100 143 
159 51 100 142 
176 119 163 142 
175 120 161 142 
175 93 83 95 
65 168 84 94 
183 47 82 93 
183 168 143 137 
55 168 143 105 
70 168 116 90 
159 47 133 156 
158 168 94 129 
157 57 132 176 
66 134 150 160 
142 168 90 121 
65 145 120 92 
64 45 119 120 
94 145 118 100 
92 134 117 99 
90 144 116 176 
90 168 168 97 
88 120 139 70 
88 132 81 67 
87 131 80 66 
86 138 101 66 
161 134 133 93 
59 134 133 92 
57 168 175 63 
81 168 77 63 
55 145 105 115 
55 145 114 114 
54 145 76 94 
53 145 52 94 
74 47 52 92 
74 168 44 92 
73 49 133 168 
72 50 183 65 
71 48 81 65 
71 47 119 67 
70 47 119 67 
69 45 185 66 
68 45 77 115 
68 44 76 180 
68 43 43 180 
66 134 172 168 
65 168 119 62 
64 145 118 92 
63 168 111 139 
81 134 155 141 
78 168 155 140 
78 168 132 67 
77 168 70 47 
75 168 104 47 
52 45 69 46 
158 47 82 67 
157 93 90 168 
163 134 66 92 
162 138 66 51 
162 69 101 93 
52 93 139 92 
53 120 82 168 
52 145 51 136 
51 134 172 50 
97 72 156 49 
93 73 102 48 
165 168 134 48 
52 115 133 132 
51 115 141 46 
60 114 86 115 
55 120 56 49 
63 120 56 47 
166 134 84 92 
62 93 58 92 
52 116 84 67 
52 73 47 66 
52 134 94 152 
51 134 134 64 
162 94 133 63 
50 120 133 63 
49 168 132 101 
48 46 130 115 
182 69 90 133 
47 185 46 92 
182 67 122 168 
46 69 122 92 
68 108 121 141 
67 86 120 63 
67 85 119 139 
65 134 55 139 
81 93 117 92 
80 93 76 92 
78 92 56 101 
78 91 133 100 
77 90 147 48 
76 88 56 47 
75 88 70 47 
74 86 55 176 
73 85 112 48 
72 134 82 93 
71 49 66 121 
70 83 172 99 
69 47 173 169 
69 81 172 47 
69 81 172 46 
69 115 158 47 
69 93 84 47 
68 120 114 93 
65 112 113 121 
67 119 83 92 
134 93 74 104 
169 117 74 91 
134 85 70 47 
90 57 77 135 
143 63 132 113 
125 157 131 66 
124 134 59 169 
105 71 83 168 
139 156 66 66 
137 145 138 48 
137 145 158 47 
136 144 157 46 
135 145 81 115 
162 168 80 161 
162 145 88 92 
161 141 145 65 
162 140 113 142 
159 115 84 176 
177 112 82 156 
118 168 110 142 
118 120 110 139 
175 168 109 94 
173 57 120 92 
173 145 90 136 
115 143 55 136 
157 55 125 136 
156 54 138 114 
156 54 73 113 
155 120 45 132 
53 51 105 133 
53 119 170 132 
120 119 43 47 
120 145 160 139 
119 145 172 138 
117 168 85 129 
116 168 56 46 
133 157 141 127 
113 156 123 135 
156 168 139 115 
156 184 86 114 
155 144 105 113 
129 120 93 168 
129 138 93 142 
129 120 184 68 
70 119 185 67 
155 134 48 67 
69 168 48 66 
191 191 191 191 
191 191 191 191 
191 191 191 191 
191 191 191 191 
191 191 191 191 
